100 10
0010011000000000000011000111001000011011000011100000100000000001000001111000011011010110000100001001
1000011000010001010010011011100011100000101001001000100001111010001000001010110000101000101010000100
1100110100000000100000001000110011000110100001001101100000010000010000000010000011100010101000000100
1000100000010011001000000010010011101010110100000000001010110100011001100000000101000000111000001100
0000101001000101010101000100110000000110000001110000001001100001100011000011110010000101000000000000
0000000000001110000010000000111000000010000010010100000010100011000000000000000011011010001101100011
1100110101010011100000000000001001010100001001000111100011101001011000101000000000000111110100100111
0011000001010001100001000001000000110000000100010010010000111000011000000100100010010001001111100001
0010000001000001000010100100000000101010100000011000000100000110011000100101010000100001000000000000
0100000000010100010111111010000000000000000111000101000100000000001011001010001111001000001010101100
0000000010100110000000100100101010101100000100001000001000101101010101000000101100110111011000000011
0010000010011000010100001100010001000000000000100001010000000001011111000000000011000100010000000010
1000000110110000101000011100111100000010010000000100100000010000110000110100100001010010100000010000
1100100011000100100111001000100111000000000010000100001001001100001000010000001001000000001001010100
1110110100000000000101110001000000001100001001000010000000000100001000000100001000100010010101100011
0000110011100100000111001100011000010010000000000000010011010111000100000000110000001100110010000000
1100000001100000000000001001010001011001100100000000001010100000000110010101110110100101000100100001
1000111110000001001100110010010000010100000000110110010000010100101000000000000110000000110100100101
0000001010000101000010001000000101110000001100010100101000001010010111100001000001010001100000000100
1101001010100000101000000100000100000000000001001000010110001011101010011001000001000000100010110000
1000000000000001000100000010000001011000001000010111000001000011010010110101010000001011000110100111
1000110111010101011001111000100100101010000001001010010001000001001011100000000010010000000000000000
0000010011000100101110110000000011010000000000001000001001011000100001010010100101100000100010001100
0110101000000001110110110101100010010000001011011001000000100001001000010000000100000010000010011010
0001010001000000100101000000100111010010000100001000000011100010110100000010000011101001010000000000
1100100001000100001100001001011000101100000011000000100100110000010000110000000000100000001000100011
0100000001000000010000010010110010110011000010000001101100111000001000000101011000001010100100100010
0010011000000101100011001000000100010101000000100001011010100010001010001000000110000110100011010001
0000001010100000001100111111010100001100101101100000000101000110110010100000101101110101000010010010
0000001000111100000000011011000000001000001100001010000001000001011001110101001000100110111001000010
0110100110000000000011010011000000111000000010000000001100010001010100100010011000000110000100010000
0001011000001001000100000000010000101111100000000000001000000000000000010101010010000000001000000000
0010000101000100100011001000100111100011001000011000000000010001010010001000110000000000100000010100
0100000011000010001010001000000000100000000110110110010001000110001101000000001100010001100100000000
0011100000100000100000000100001011000011000001010010000011100000011011010001110001010100000000010010
0001011010001101011001000000010000000000001100010010011000110010010011010001010100110101010000000100
1001001000101110010000001010000000110000010000000000100101100100101110001010010110000000100101010100
0110110000010010000010000001010100101100001000001111000000000010000100101011100000010100001000010000
0001010100001010100111001101000110010000010000111000010000010100010000100011000000110000100000011000
1000100100001010010011001000110100001011100011011000001001000001011000010010000101010110010000100000
0000000000101000000000010011000000000000001000001000011000000001100000101011100000000010101100000000
1010011100001010100111000000100101000110000111001000111101100001000011001111001001010000011010100100
0000000000011000000101001001101000001001111100000100000001100100100100110100100110100100101100000000
0011110100000011010000001010110100100011000000110000011010110100000001000010100100000000110110100010
0000000000001111000000000010000110100000011110110001011000000000001000010000010010010000000010110000
1010001100011100010101000000000100001100000100000001111010100000101000001011000000001000001010100001
0010110000000100000101001110111010011010010110000000100110010001110110100000001000001000000001100001
1001100101000000001000001000010010010001010001100000100111010001100001101000100000000100000100011000
1101010100110100011100100110001000000000001000001001101000001001000010000000000011000000001110001010
1000011101001000101010000001100000000001000100000101101000010110100000101010000101010000000000010000
0001000010010001001101000111000000011000010000010000010000011000010000110100001000100010000100111001
1010001001100001101001011000001111000000001000000001100110011001010010100001010101000001100000000001
0001011000101000100110110001101000001101000010000110001000000110001001010001101100001000101001000000
0010000110110100000011000100000001000001000001000000010001001000010000000001000100101011000100100000
0010000110010010000011011111000001000100001000000101001001000000010000000010000100001001001000111000
0000000000111011001100000100111000100100010001001101100000001000011101100100010001010111001010101000
0000000010000011100100100001011000001000011000100000000001100000110001010000111000001100001000100100
1111001100000110100010000000110010100000000000000001000000110010110000010001000000000110011100001111
0111000110000000100010000110010000000011100101000000000011000000010110010100010110101010000010100011
1000000100110010110100000110010001000010101000010000001001010110100110000000000001000010110001001100
0100010100000000010011000100010101000100000001101110110000100001000000100101010001010011000010010000
0100001111010000000100110010010000101001000000000000000110011111001000110000101000100011110010010011
0001010000010001000110000000110111000000001000100010010001010010100000000101001010010010001001001010
0000011010000000100110000010010000000100110100001111000000100100001101001010111110001010000001000000
0100000101001001110100000001010000000110001000000011010110100010001100001101000100001010011000000000
1011010000000000100010000111010000111000100010010000000100100000000100010000010000000010100001000100
0110101100001000000000001000100001001000010010010000000011000100000100110000000100111001011000001001
1001000110000000101010100000100010100100000110000000001100000000010010000000100000000001000010010001
0000000101000000000110000010001000000111100110000000000110010000000001010000000010010100110011111010
0010000011010000001001010001001101010010000011010000111001000001001100100000001111001100011100000001
0000000011010000000000100100000000000100010010000000000000011111111001010001000100100001011010010000
0101011100001101000000010011101111010000100000001010000000110100010100000011100010011010000000011101
0000010110000100110000100001100011010001101010000000000000010000110011011011001000100000000110001000
1000010000000001000101010000001000100001001000001011000100010001001100101010000001010010010000010001
0011100001000010101110000001000100000000110111001101001011001000000100100101000100100011111100100000
0001000000110000011000001001000010110000001000001100011010000000111100000010001000000000000100010100
0100011001000000001100110000000000000100001010100010100100010000010000000010110010000000110110000010
0110110000100100001000000010100000000001001100010000000001001011000010001101011000000101100000000101
0000000010100101100000001101110010001010001000011100000011010000001011100000100001110000001000010000
0100000000000001111000100100010110000100001110000000011000111010000101110111000110100011000000110100
0000000001100000010111000000101100010000001100100101000000011000000000001011101001000000001100000001
0110001100000001000110000000110000100010010101000000000011111011110111110101010110101010011010000001
0000001101000011010010010000001001100001000100101010000100001000000000101001100000111001010000010010
0001001101110000000000101001000001001110010001100011010011100010000000000001000000000000101101000000
0000000000000100001000110001001011000000000101011011000000001000000110000100101101000000101000010100
0011001010110000000011110111000000000000010100100101110001000010101110001110010100010001000000010011
1000100101100000011000011000000011001111010001001100110010001010000101000001010000110000000010101010
0000000100010001011100010001010100011010001000010000001001101000001000000111001100100001001000101110
0000000000000000000011110010100000000000101100111101101010010001110100000001000001000010000011000100
0000000010000000111000010100001011000100001000001100001000000010101000100001000010100010001000001000
0110010000001001000100000000010100010100000001010001111010001000000001000010000000011000101010000010
0011000000000000010011010000001010111101101010000000010000000110101000010001011010100010011001000000
0101010001010110101000000000000010000001000101000000000001010101010000000000101111010111101010000001
1000100001011000010010101100000001110000100111011000110010000010100101001011010001100100101100101010
0000001000010001000001010001010110011100101110100001000101110100000100011001010100010010000011000010
1001000100000101011010001101000011001101010000001100000010100100111000000001011000010011000010100001
0100100010011000011011000001001010000100100000000001000000100000000000000111000011000000000000100100
1001000010001100100001111000001001101000000111000001000110010010011001001010100000101000000010000000
0000101010001001001010011000000000100001100000000001000000100101001000100101010000001010000000010011
0100010110010011011001001000001000010000100100100110000110010110010000000000001100100010001001000001
